11228154 
11225532 
11221615 
11195623 
11189756 
11173943 
11156133 
11155717 
11155653 
11155631 
11155611 
11122912 
11110788 
11091569 
11088438 
11082320 
11082203 
11061060 
11057145 
11054428 
11048527 
11021834 
11010057 
10996651 
10981100 
10967792 
10964414 
10928904 
10910935 
10883652 
10835192 
10830217 
10827947 
10827470 
10804956 
10803137 
10800318 
10759589 
10758965 
10749294 
10747531 
10747305 
10731509 
10715826 
10705048 
10705022 
10687563 
10661544 
10645031 
10642078 
10615523 
10610203 
10593197 
10586801 
10586768 
10586621 
10581193 
10673596 
10554069 
10551585 
10527972 
10524498 
10524240 
10544104 
10487187 
10476808 
10465079 
10459763 
10457192 
10452543 
10435957 
10434174 
10430258 
10428785 
10405864 
10383858 
10378792 
10366284 
10356871 
10356494 
10352911 
10347679 
10337491 
10337050 
10326086 
10324950 
10323152 
10312764 
10307600 
10290097 
10283764 
10264123 
10229303 
10229213 
10224960 
10208838 
10207197 
10206326 
10204047 
10202965 
10184348 
10179569 
10148891 
