10104340
10476808
10383858
10367315
10337491
10331516
10331273
10307600
10304333
10261899
10203321
10179569
10102574
10100297
10081687
9839683
9819742
9775182
9760671
9743356
9741434
9725180
9689477
9686619
9686590
9675155
9671718
9667676
9650041
9643381
9627853
9613425
9575356
9569838
9526900
9524835
9509165
9507426
9502066
9495681
9478939
9477341
9466256
9436897
9430765
9414585
9383966
9335455
9316572
9293853
9281939
9272376
9270464
9265000
9246619
9216634
9189091
9172584
9166597
9163259
9161443
9151888
9112015
9100451
9100290
9097295
9087590
9080613
9077847
9068810
9062091
9059675
9048060
9042178
9024797
9020507
9001678
8998494
8998227
8997631
8993431
8964724
8963538
8950051
8945384
8942671
8875869
8849987
8846122
8841300
8814997
8811112
8788394
8785838
8785326
8778606
8748707
8739936
8731034
8695196
8686952
8644597
8643644
8627038
8625550
8621200
8591798
8571502
8566687
8548246
8537716
8528330
8527572
8521444
8484890
8372884
8279824
8241826
8189912
8019426
8003708
8003397
7973833
7947570
7913018
7890614
7857288
7701757
7635776
7632363
7506682
11249502
11226000
11225532
11221615
11220441
11195623
11192621
11189756
11182074
11173943
11156247
11155717
11155653
11155631
11155611
11122912
11113589
11112814
11109127
11108764
11088438
11088036
11082320
11082215
11069478
11063847
11057145
11404961
11404732
11400552
11396892
11395805
11358352
11343600
11316242
11314564
11308808
11256160
11246290
11228385
11115867
11089603
11063470
11055848
11030019
11433433
11222529
11156133
11010057
11009351
11000153
10996651
10984633
10982245
10968341
10967792
10966047
10964414
10959459
10958541
10910935
10883652
10865772
10862678
10860813
10835192
10830217
10804956
10906934
10803137
10800318
10763141
10749294
10747531
10747305
10745994
10731509
10705048
10705022
10661544
10645031
10644060
10642078
10640968
10635392
10615523
10610203
10593197
10591211
10591200
10586801
10586768
10586519
10566795
10554069
10553210
10544104
10525123
10524498
10524240
10503938
10465079
10459763
10459005
10438011
10433725
10385699
10378248
10376078
10373782
10372196
10371920
10356871
10347679
10346311
10312764
10290097
10283759
10279651
10264123
10229303
10224960
10209675
10209662
10209655
10208838
10207197
10206326
10204047
10199863
10184348
10158957
10152910
11450620
10434174
10430258
10428785
10759589
10055699
10019549
10014248
9975943
9962340
9959895
9954025
9951709
9924216
9902965
9883526
9839234
9823320
9667544
9507033
7609722
7504315
7501741
11228154
11061060
11057095
11054428
10827470
10673596
10527972
6067144
8694815
9496015
10429530
10457192
10487187
10459137
10452543
10435957
10427903
10324950
10378792
10366284
10352765
10352698
10326086
10322834
10285673
10148891
10102532
10075762
9987002
9986329
9856054
9682473
9673372
9613708
9517006
9507194
9496120
9476995
9463327
5968201
7481670
8230525
9593017
